        0.03
      0.0304
      0.0304
        0.03
      0.0308
        0.03
      0.0304
      0.0304
        0.03
        0.03
        0.03
        0.03
      0.0308
      0.0304
      0.0296
      0.0072
      0.0056
       0.006
       0.006
      0.0052
      0.0052
       0.006
      0.0056
      0.0056
       0.006
       0.006
       0.006
      0.0056
      0.0052
       0.006
       0.006
      0.0056
      0.0056
       0.006
      0.0056
      0.0052
      0.0056
       0.006
      0.0064
      0.0064
      0.0056
      0.0056
      0.0052
      0.0052
      0.0056
      0.0052
      0.0056
      0.0064
       0.006
      0.0052
      0.0064
      0.0056
      0.0056
      0.0056
      0.0056
      0.0052
      0.0064
       0.006
      0.0056
       0.006
      0.0052
      0.0056
      0.0048
      0.0056
       0.006
      0.0052
      0.0056
      0.0052
      0.0056
       0.006
      0.0052
      0.0056
      0.0052
       0.006
      0.0056
      0.0052
      0.0056
      0.0056
      0.0064
      0.0056
      0.0052
      0.0056
      0.0056
       0.006
      0.0056
      0.0052
       0.006
      0.0056
      0.0052
       0.006
      0.0052
      0.0056
      0.0056
       0.006
      0.0056
      0.0056
      0.0052
      0.0052
      0.0136
      0.0148
      0.0148
       0.014
       0.016
      0.0148
      0.0144
      0.0156
      0.0152
      0.0144
       0.016
      0.0148
      0.0144
      0.0152
      0.0156
      0.0148
      0.0148
        0.02
      0.0148
      0.0156
      0.0152
      0.0204
      0.0144
      0.0152
      0.0152
      0.0208
      0.0152
      0.0144
      0.0148
      0.0212
      0.0204
      0.0144
      0.0144
      0.0152
      0.0204
      0.0212
        0.02
      0.0152
      0.0152
      0.0152
      0.0208
      0.0212
      0.0216
      0.0212
      0.0176
      0.0144
      0.0144
       0.016
      0.0192
      0.0208
      0.0208
      0.0212
      0.0204
      0.0208
      0.0204
      0.0212
      0.0212
        0.02
      0.0212
        0.02
      0.0208
      0.0208
      0.0204
      0.0208
      0.0204
      0.0204
      0.0208
      0.0212
      0.0212
      0.0204
      0.0212
      0.0208
      0.0212
      0.0204
      0.0204
      0.0204
      0.0204
      0.0204
      0.0204
      0.0212
      0.0204
      0.0208
      0.0208
      0.0208
      0.0204
      0.0208
      0.0208
      0.0212
      0.0208
      0.0212
        0.02
      0.0188
      0.0144
       0.014
      0.0148
       0.016
      0.0204
      0.0204
      0.0212
      0.0208
      0.0152
      0.0144
      0.0148
       0.016
      0.0212
      0.0204
      0.0148
      0.0144
      0.0144
      0.0164
      0.0208
      0.0152
      0.0144
      0.0152
      0.0192
      0.0196
      0.0144
      0.0144
      0.0156
      0.0204
      0.0148
       0.014
      0.0172
      0.0144
      0.0148
      0.0148
        0.02
      0.0148
      0.0144
      0.0168
      0.0144
       0.014
      0.0156
      0.0144
      0.0144
      0.0152
      0.0144
      0.0148
      0.0164
       0.016
       0.016
       0.016
      0.0156
      0.0164
       0.016
       0.016
      0.0168
       0.016
      0.0164
       0.018
       0.016
       0.016
      0.0156
      0.0176
       0.016
       0.016
      0.0176
       0.016
       0.016
      0.0156
      0.0188
      0.0172
       0.016
      0.0164
      0.0168
       0.018
       0.016
       0.016
       0.016
      0.0184
      0.0188
       0.018
      0.0156
       0.016
      0.0168
      0.0184
      0.0184
       0.018
       0.016
       0.016
       0.016
      0.0176
       0.018
      0.0176
      0.0188
      0.0184
      0.0184
      0.0184
      0.0184
      0.0164
       0.016
      0.0164
      0.0172
       0.016
      0.0172
      0.0176
       0.018
      0.0184
      0.0184
      0.0188
      0.0184
       0.018
      0.0176
      0.0184
       0.018
      0.0176
      0.0184
      0.0184
       0.018
       0.018
      0.0184
      0.0188
       0.018
       0.018
      0.0184
      0.0176
      0.0184
       0.018
      0.0184
      0.0184
       0.018
       0.018
      0.0188
      0.0176
      0.0168
      0.0156
       0.016
      0.0164
      0.0172
      0.0188
      0.0184
       0.018
      0.0188
       0.018
      0.0176
      0.0156
      0.0164
      0.0164
      0.0188
      0.0188
      0.0188
       0.016
      0.0152
       0.016
      0.0168
       0.018
      0.0176
      0.0156
      0.0152
      0.0164
      0.0192
       0.016
      0.0164
       0.016
      0.0184
       0.016
      0.0152
      0.0152
       0.018
       0.016
      0.0152
       0.016
      0.0168
       0.016
      0.0164
      0.0176
      0.0152
       0.016
       0.016
      0.0156
      0.0156
      0.0164
      0.0156
      0.0156
       0.016
      0.0164
       0.034
      0.0348
      0.0308
      0.0356
      0.0336
      0.0344
      0.0352
      0.0352
      0.0348
      0.0168
      0.0176
      0.0168
      0.0176
      0.0164
      0.0172
      0.0172
      0.0168
      0.0168
      0.0172
      0.0172
      0.0172
      0.0172
      0.0168
      0.0192
      0.0176
      0.0168
      0.0172
       0.018
      0.0164
      0.0168
      0.0192
      0.0176
      0.0172
      0.0168
      0.0196
      0.0188
      0.0168
      0.0172
      0.0168
      0.0192
      0.0192
      0.0176
      0.0172
      0.0176
      0.0196
      0.0192
      0.0184
      0.0168
      0.0168
      0.0176
      0.0192
      0.0196
      0.0196
      0.0188
      0.0196
       0.018
      0.0172
      0.0172
      0.0176
      0.0176
      0.0196
        0.02
      0.0196
      0.0196
        0.02
      0.0188
        0.02
      0.0196
      0.0188
      0.0196
      0.0192
      0.0196
      0.0192
        0.02
      0.0204
      0.0192
      0.0196
      0.0192
        0.02
      0.0192
      0.0192
      0.0192
      0.0192
      0.0184
      0.0184
       0.018
       0.018
      0.0176
      0.0188
      0.0176
      0.0176
       0.018
      0.0184
      0.0192
      0.0192
      0.0196
      0.0204
      0.0192
      0.0192
      0.0196
      0.0196
      0.0192
       0.018
      0.0168
      0.0176
       0.018
      0.0184
      0.0192
      0.0188
      0.0192
      0.0168
      0.0168
      0.0168
      0.0184
      0.0196
       0.018
      0.0172
      0.0176
      0.0172
      0.0192
      0.0192
      0.0176
      0.0176
      0.0184
        0.02
      0.0168
      0.0164
      0.0172
      0.0192
      0.0172
      0.0172
      0.0176
      0.0172
      0.0172
      0.0168
      0.0184
      0.0172
      0.0164
      0.0172
      0.0164
      0.0172
      0.0176
      0.0168
      0.0176
      0.0172
      0.0172
      0.0164
       0.014
      0.0128
      0.0124
      0.0132
      0.0124
      0.0124
      0.0128
      0.0128
      0.0124
      0.0132
      0.0124
      0.0132
      0.0124
      0.0128
      0.0128
      0.0128
      0.0132
       0.012
      0.0128
       0.012
      0.0128
       0.012
      0.0124
      0.0124
      0.0136
      0.0124
      0.0128
      0.0128
      0.0128
      0.0124
      0.0124
      0.0124
      0.0128
      0.0124
      0.0128
      0.0132
      0.0128
      0.0124
      0.0156
      0.0124
      0.0124
      0.0124
      0.0128
      0.0128
      0.0124
      0.0128
      0.0132
      0.0128
      0.0128
      0.0132
      0.0124
      0.0132
      0.0128
      0.0124
      0.0128
      0.0124
      0.0124
      0.0124
      0.0128
      0.0132
      0.0128
      0.0128
      0.0124
      0.0128
      0.0128
      0.0128
      0.0128
      0.0128
       0.012
      0.0128
      0.0124
      0.0128
      0.0124
      0.0124
      0.0128
      0.0128
      0.0124
      0.0124
      0.0348
      0.0348
        0.03
      0.0304
      0.0304
      0.0308
      0.0296
        0.03
      0.0304
      0.0296
      0.0296
      0.0304
        0.03
        0.03
        0.03
      0.0296
        0.03
      0.0296
      0.0308
        0.03
      0.0296
        0.03
        0.03
        0.03
      0.0296
        0.03
      0.0308
      0.0304
        0.03
        0.03
      0.0304
        0.03
      0.0304
        0.03
      0.0296
        0.03
        0.03
      0.0304
        0.03
      0.0296
      0.0304
      0.0308
        0.03
      0.0308
        0.03
      0.0296
      0.0296
        0.03
      0.0304
      0.0308
        0.03
      0.0304
      0.0304
      0.0296
      0.0304
      0.0304
      0.0308
      0.0296
      0.0296
        0.03
      0.0296
        0.03
        0.03
      0.0304
      0.0296
      0.0308
      0.0296
        0.03
      0.0304
      0.0304
      0.0308
      0.0296
        0.03
      0.0304
      0.0292
      0.0296
      0.0304
      0.0304
      0.0304
        0.03
        0.03
      0.0296
      0.0304
        0.03
        0.03
       0.034
      0.0304
        0.03
        0.03
        0.03
        0.03
        0.03
      0.0304
      0.0296
        0.03
      0.0308
      0.0296
        0.03
      0.0304
        0.03
      0.0304
      0.0296
        0.03
      0.0304
        0.03
        0.03
      0.0304
      0.0296
        0.03
      0.0296
      0.0304
      0.0304
        0.03
        0.03
        0.03
      0.0296
      0.0296
        0.03
      0.0296
        0.03
       0.028
      0.0304
      0.0308
        0.03
      0.0308
      0.0352
      0.0348
        0.03
      0.0304
        0.03
        0.03
      0.0308
        0.03
        0.03
        0.03
        0.03
      0.0304
        0.03
        0.03
      0.0296
      0.0304
      0.0304
      0.0308
      0.0288
        0.03
      0.0296
        0.03
      0.0296
      0.0304
      0.0296
      0.0304
      0.0304
      0.0296
      0.0304
      0.0304
        0.03
        0.03
        0.03
      0.0296
      0.0304
        0.03
      0.0304
      0.0304
      0.0296
      0.0296
        0.03
      0.0304
      0.0308
      0.0304
      0.0304
        0.03
        0.03
      0.0296
      0.0292
      0.0308
      0.0296
        0.03
      0.0296
        0.03
      0.0296
      0.0304
      0.0308
        0.03
        0.03
      0.0264
      0.0304
        0.03
      0.0296
      0.0304
        0.03
        0.03
        0.03
      0.0304
        0.03
      0.0296
        0.03
      0.0296
      0.0296
      0.0296
      0.0304
        0.03
        0.03
        0.03
        0.03
      0.0296
      0.0296
        0.03
      0.0296
      0.0304
      0.0304
       0.034
        0.03
      0.0296
      0.0304
      0.0288
        0.03
        0.03
      0.0308
      0.0296
      0.0308
      0.0304
      0.0304
      0.0296
        0.03
        0.03
        0.03
      0.0304
      0.0296
      0.0296
      0.0304
        0.03
      0.0304
      0.0304
      0.0304
      0.0308
        0.03
      0.0312
        0.03
        0.03
      0.0308
        0.03
      0.0296
        0.03
      0.0304
      0.0308
      0.0304
      0.0304
        0.03
      0.0304
      0.0308
      0.0304
        0.03
        0.03
      0.0308
        0.03
      0.0296
      0.0304
      0.0304
      0.0304
        0.03
        0.03
        0.03
      0.0304
        0.03
      0.0296
        0.03
        0.03
      0.0304
        0.03
      0.0296
      0.0308
      0.0312
      0.0304
      0.0296
      0.0304
      0.0304
      0.0296
      0.0312
        0.03
        0.03
      0.0284
      0.0356
        0.03
      0.0296
      0.0304
      0.0328
       0.032
      0.0324
      0.0328
      0.0324
      0.0324
       0.032
      0.0328
       0.032
      0.0324
      0.0328
      0.0328
      0.0328
      0.0328
      0.0324
      0.0332
      0.0328
      0.0328
      0.0328
      0.0328
       0.032
      0.0324
      0.0328
      0.0324
      0.0328
      0.0332
      0.0324
      0.0328
       0.032
       0.032
      0.0324
      0.0324
      0.0324
      0.0328
      0.0328
       0.032
      0.0332
       0.032
       0.032
       0.032
      0.0324
      0.0324
      0.0328
      0.0328
      0.0324
      0.0328
      0.0312
      0.0328
      0.0332
      0.0328
      0.0328
      0.0324
      0.0324
      0.0328
      0.0328
      0.0324
      0.0324
      0.0324
      0.0332
      0.0332
      0.0332
      0.0324
      0.0324
      0.0324
      0.0328
      0.0332
      0.0332
      0.0332
      0.0324
      0.0324
      0.0328
       0.032
      0.0324
      0.0324
      0.0324
      0.0328
      0.0328
      0.0332
      0.0328
      0.0332
      0.0328
      0.0324
      0.0328
      0.0324
      0.0324
      0.0324
      0.0324
      0.0328
      0.0324
       0.032
      0.0328
      0.0328
      0.0328
      0.0324
      0.0324
      0.0324
      0.0328
      0.0328
      0.0328
      0.0328
      0.0332
      0.0328
      0.0324
      0.0328
      0.0324
       0.032
      0.0336
      0.0328
      0.0332
      0.0332
      0.0324
      0.0324
      0.0328
      0.0332
      0.0304
      0.0332
      0.0328
      0.0328
      0.0328
      0.0324
      0.0332
      0.0328
      0.0324
      0.0324
      0.0328
      0.0328
      0.0328
      0.0324
      0.0324
      0.0328
      0.0324
      0.0344
      0.0348
      0.0348
      0.0308
      0.0304
      0.0304
        0.03
        0.03
      0.0304
      0.0304
      0.0308
      0.0308
      0.0296
      0.0296
      0.0304
      0.0296
      0.0304
      0.0304
      0.0296
      0.0304
      0.0308
      0.0304
      0.0304
        0.03
        0.03
        0.03
      0.0296
      0.0296
      0.0304
        0.03
      0.0304
      0.0304
        0.03
        0.03
        0.03
      0.0296
      0.0296
        0.03
      0.0304
      0.0304
        0.03
      0.0296
        0.03
        0.03
      0.0336
        0.03
      0.0308
      0.0304
      0.0292
      0.0304
      0.0292
        0.03
      0.0304
        0.03
      0.0304
        0.03
        0.03
        0.03
        0.03
      0.0304
        0.03
        0.03
      0.0304
      0.0304
        0.03
        0.03
        0.03
      0.0304
      0.0304
        0.03
        0.03
        0.03
      0.0296
      0.0304
        0.03
        0.03
        0.03
        0.03
      0.0304
        0.03
      0.0296
      0.0296
        0.03
        0.03
      0.0304
        0.03
      0.0304
      0.0304
        0.03
       0.028
      0.0296
        0.03
        0.03
      0.0304
        0.03
        0.03
      0.0296
        0.03
        0.03
      0.0304
        0.03
      0.0304
        0.03
        0.03
        0.03
        0.03
      0.0296
      0.0304
      0.0296
      0.0304
      0.0304
        0.03
      0.0308
        0.03
      0.0296
        0.03
        0.03
      0.0296
      0.0304
        0.03
      0.0304
      0.0304
        0.03
      0.0304
      0.0296
      0.0304
        0.03
        0.03
      0.0296
        0.03
        0.03
      0.0296
        0.03
      0.0304
      0.0304
      0.0304
      0.0308
      0.0304
        0.03
        0.03
        0.03
      0.0296
        0.03
        0.03
      0.0304
      0.0296
        0.03
        0.03
      0.0304
      0.0304
      0.0292
      0.0304
        0.03
        0.03
      0.0304
        0.03
        0.03
      0.0304
      0.0308
        0.03
      0.0308
        0.03
      0.0304
      0.0304
        0.03
      0.0304
        0.03
        0.03
        0.03
      0.0324
        0.03
      0.0304
      0.0296
        0.03
        0.03
        0.03
      0.0304
        0.03
      0.0312
        0.03
        0.03
      0.0304
      0.0304
      0.0296
      0.0308
        0.03
        0.03
      0.0304
      0.0304
        0.03
      0.0304
      0.0296
        0.03
      0.0304
      0.0292
      0.0296
        0.03
      0.0296
        0.03
      0.0296
      0.0304
      0.0308
      0.0304
      0.0304
        0.03
        0.03
        0.03
      0.0304
      0.0308
      0.0304
      0.0304
      0.0304
      0.0304
        0.03
        0.03
        0.03
        0.03
        0.03
        0.03
      0.0308
        0.03
        0.03
        0.03
      0.0296
      0.0296
        0.03
      0.0304
      0.0304
      0.0304
        0.03
      0.0304
      0.0304
        0.03
      0.0304
      0.0308
        0.03
      0.0304
      0.0308
      0.0304
        0.03
        0.03
      0.0304
      0.0296
      0.0304
        0.03
      0.0304
        0.03
      0.0304
      0.0348
      0.0348
        0.03
        0.03
        0.03
      0.0296
      0.0304
        0.03
      0.0308
        0.03
      0.0296
        0.03
      0.0304
      0.0304
        0.03
        0.03
        0.03
      0.0304
        0.03
      0.0304
      0.0304
      0.0296
      0.0304
        0.03
        0.03
      0.0296
      0.0304
        0.03
      0.0304
        0.03
      0.0304
        0.03
        0.03
      0.0304
        0.03
        0.03
      0.0308
      0.0304
        0.03
      0.0292
        0.03
      0.0296
      0.0296
      0.0296
      0.0304
      0.0304
      0.0324
      0.0304
      0.0304
      0.0304
        0.03
        0.03
      0.0304
      0.0304
      0.0304
      0.0296
      0.0304
        0.03
        0.03
        0.03
      0.0304
      0.0304
      0.0304
        0.03
        0.03
        0.03
        0.03
        0.03
      0.0296
        0.03
        0.03
      0.0304
        0.03
        0.03
      0.0304
      0.0308
        0.03
      0.0304
        0.03
      0.0296
      0.0296
      0.0296
      0.0304
      0.0296
      0.0296
        0.03
        0.03
      0.0308
      0.0304
        0.03
      0.0304
        0.03
      0.0308
      0.0296
      0.0296
      0.0304
      0.0296
      0.0304
      0.0304
      0.0304
      0.0296
        0.03
        0.03
      0.0292
      0.0304
      0.0296
        0.03
        0.03
        0.03
        0.03
        0.03
      0.0308
        0.03
        0.03
        0.03
        0.03
      0.0304
      0.0308
        0.03
        0.03
        0.03
      0.0296
        0.03
      0.0304
      0.0304
        0.03
      0.0292
        0.03
      0.0304
      0.0304
      0.0304
      0.0296
      0.0296
      0.0304
        0.03
      0.0296
      0.0304
      0.0304
      0.0296
      0.0292
      0.0284
        0.03
        0.03
        0.03
      0.0304
        0.03
      0.0296
      0.0296
      0.0296
      0.0304
      0.0304
      0.0296
      0.0292
      0.0304
      0.0304
      0.0272
      0.0308
      0.0304
        0.03
      0.0296
      0.0292
      0.0304
      0.0304
      0.0296
      0.0304
      0.0304
        0.03
        0.03
      0.0296
      0.0296
      0.0304
      0.0312
      0.0292
        0.03
        0.03
        0.03
        0.03
      0.0296
        0.03
        0.03
      0.0304
      0.0296
      0.0304
        0.03
      0.0296
      0.0304
      0.0304
      0.0292
        0.03
      0.0296
        0.03
      0.0308
      0.0296
        0.03
      0.0304
      0.0304
        0.03
      0.0304
      0.0304
      0.0296
        0.03
        0.03
        0.03
        0.03
      0.0296
        0.03
        0.03
      0.0304
        0.03
      0.0304
      0.0296
      0.0296
      0.0304
      0.0296
        0.03
        0.03
        0.03
      0.0304
      0.0304
        0.03
        0.03
        0.03
      0.0304
      0.0308
      0.0296
      0.0304
        0.03
      0.0304
        0.03
      0.0304
      0.0304
        0.03
        0.03
      0.0304
      0.0304
      0.0304
      0.0308
      0.0304
      0.0304
      0.0296
        0.03
      0.0296
        0.03
      0.0308
      0.0304
        0.03
      0.0296
        0.03
      0.0304
      0.0304
      0.0328
      0.0324
       0.032
      0.0336
      0.0324
      0.0324
      0.0336
      0.0324
      0.0328
       0.032
       0.032
       0.032
      0.0324
      0.0324
      0.0328
      0.0324
      0.0328
      0.0328
      0.0324
      0.0324
      0.0328
      0.0328
      0.0324
      0.0324
      0.0328
      0.0324
      0.0324
      0.0328
      0.0324
      0.0328
      0.0324
      0.0328
      0.0324
      0.0328
      0.0328
      0.0324
      0.0324
      0.0324
      0.0324
      0.0332
      0.0324
       0.032
      0.0324
      0.0328
      0.0324
      0.0328
      0.0316
       0.032
      0.0332
      0.0328
      0.0332
      0.0324
      0.0324
      0.0328
      0.0316
      0.0324
      0.0328
      0.0324
      0.0328
      0.0328
      0.0324
      0.0332
      0.0328
      0.0328
      0.0328
      0.0328
      0.0324
      0.0332
      0.0324
      0.0328
      0.0332
       0.032
      0.0324
      0.0324
      0.0328
      0.0332
      0.0324
       0.032
      0.0332
      0.0328
       0.032
      0.0316
      0.0328
      0.0332
      0.0324
      0.0328
      0.0328
      0.0332
      0.0332
      0.0328
       0.032
      0.0328
      0.0324
      0.0324
      0.0332
      0.0324
      0.0328
      0.0324
      0.0324
      0.0332
      0.0328
      0.0328
      0.0324
      0.0336
      0.0332
      0.0332
      0.0324
      0.0324
      0.0332
      0.0332
      0.0328
      0.0332
      0.0324
      0.0328
      0.0324
      0.0328
      0.0328
      0.0332
      0.0324
      0.0328
      0.0328
      0.0324
       0.032
      0.0332
      0.0328
      0.0324
      0.0328
       0.032
      0.0328
      0.0324
      0.0324
      0.0296
      0.0304
      0.0304
        0.03
      0.0304
      0.0296
        0.03
      0.0304
      0.0296
        0.03
      0.0304
      0.0304
      0.0304
        0.03
        0.03
      0.0304
      0.0308
        0.03
      0.0304
      0.0304
      0.0296
      0.0304
        0.03
        0.03
      0.0308
        0.03
        0.03
      0.0304
      0.0304
      0.0304
      0.0296
      0.0308
        0.03
      0.0296
        0.03
        0.03
        0.03
      0.0304
      0.0296
      0.0304
      0.0308
      0.0296
      0.0304
      0.0304
        0.03
        0.03
      0.0304
      0.0304
        0.03
        0.03
        0.03
      0.0304
      0.0304
      0.0304
        0.03
        0.03
      0.0296
        0.03
        0.03
      0.0304
      0.0304
      0.0304
        0.03
      0.0304
      0.0296
        0.03
      0.0296
      0.0296
        0.03
      0.0296
      0.0304
        0.03
      0.0304
      0.0304
        0.03
      0.0296
      0.0304
        0.03
      0.0304
        0.03
      0.0308
      0.0304
        0.03
        0.03
      0.0304
      0.0304
      0.0308
      0.0304
