      0.0288
      0.0288
      0.0296
      0.0296
      0.0292
      0.0304
      0.0284
      0.0296
      0.0292
        0.03
      0.0296
      0.0296
      0.0296
      0.0296
      0.0288
      0.0292
      0.0296
      0.0308
        0.03
      0.0296
      0.0296
      0.0296
      0.0292
      0.0296
      0.0288
      0.0296
        0.03
      0.0296
      0.0296
      0.0296
        0.03
      0.0288
        0.03
      0.0296
      0.0292
      0.0292
      0.0296
        0.03
      0.0296
      0.0296
      0.0292
      0.0296
        0.03
        0.03
      0.0288
      0.0296
        0.03
        0.03
      0.0296
        0.03
      0.0296
      0.0292
        0.03
        0.03
      0.0296
      0.0304
       0.028
      0.0296
      0.0296
      0.0296
      0.0296
      0.0296
      0.0292
      0.0296
      0.0292
      0.0296
        0.03
      0.0296
      0.0292
      0.0296
        0.03
      0.0296
      0.0296
      0.0296
      0.0296
        0.03
        0.03
        0.03
      0.0296
      0.0296
      0.0296
      0.0296
        0.03
      0.0292
      0.0072
       0.006
      0.0052
      0.0052
       0.006
      0.0052
      0.0056
      0.0056
       0.006
       0.006
       0.006
      0.0056
       0.006
      0.0052
       0.006
       0.006
      0.0056
      0.0044
      0.0056
      0.0052
       0.006
      0.0052
      0.0056
      0.0052
      0.0056
      0.0056
       0.006
      0.0052
      0.0052
      0.0056
      0.0056
       0.006
       0.006
      0.0052
      0.0056
      0.0048
      0.0064
      0.0052
       0.006
      0.0056
      0.0048
      0.0052
      0.0056
      0.0052
       0.006
       0.006
      0.0052
      0.0052
      0.0064
      0.0048
       0.006
      0.0048
      0.0052
      0.0056
       0.006
      0.0056
      0.0064
      0.0056
       0.006
       0.006
       0.006
       0.006
      0.0064
       0.006
      0.0056
      0.0056
      0.0052
      0.0052
      0.0052
      0.0052
      0.0056
      0.0052
      0.0048
      0.0056
      0.0052
      0.0052
      0.0052
      0.0056
      0.0048
      0.0144
       0.014
      0.0144
      0.0148
      0.0144
      0.0152
      0.0148
      0.0148
      0.0144
      0.0156
      0.0144
      0.0144
      0.0148
      0.0172
      0.0144
      0.0148
      0.0192
       0.014
       0.014
      0.0156
      0.0196
      0.0152
      0.0144
      0.0164
      0.0196
      0.0144
      0.0148
      0.0152
        0.02
      0.0192
      0.0136
      0.0136
       0.016
        0.02
      0.0196
      0.0176
      0.0148
      0.0144
       0.016
        0.02
        0.02
        0.02
      0.0188
      0.0156
      0.0144
      0.0156
      0.0172
        0.02
      0.0204
      0.0204
        0.02
      0.0204
      0.0204
      0.0196
      0.0196
        0.02
      0.0204
      0.0192
      0.0204
      0.0192
      0.0192
      0.0196
      0.0196
      0.0196
      0.0196
        0.02
      0.0204
        0.02
      0.0204
        0.02
      0.0204
      0.0196
      0.0204
        0.02
      0.0204
      0.0204
      0.0204
      0.0204
      0.0204
      0.0204
      0.0204
        0.02
      0.0204
      0.0204
      0.0196
      0.0204
      0.0204
        0.02
      0.0192
      0.0196
      0.0164
      0.0148
      0.0144
      0.0156
      0.0168
      0.0204
      0.0196
      0.0192
      0.0188
      0.0148
       0.014
      0.0144
      0.0176
      0.0204
      0.0196
      0.0148
       0.014
      0.0152
      0.0176
      0.0196
      0.0156
       0.014
      0.0144
       0.018
      0.0192
      0.0144
      0.0148
       0.016
      0.0188
      0.0144
      0.0144
      0.0164
       0.016
      0.0136
      0.0144
      0.0188
      0.0144
      0.0144
      0.0164
      0.0148
      0.0148
      0.0152
       0.014
      0.0144
      0.0152
      0.0148
      0.0144
      0.0164
      0.0156
       0.016
      0.0152
       0.016
      0.0156
       0.016
      0.0156
      0.0168
      0.0152
      0.0156
      0.0164
      0.0152
      0.0152
       0.016
      0.0172
      0.0164
      0.0152
      0.0172
      0.0164
      0.0156
      0.0156
       0.018
      0.0168
       0.016
       0.016
      0.0172
      0.0172
       0.016
      0.0164
      0.0168
       0.018
      0.0176
      0.0164
       0.016
       0.016
      0.0172
       0.018
      0.0176
      0.0172
       0.016
       0.016
       0.016
      0.0176
      0.0184
      0.0184
      0.0184
       0.018
       0.018
      0.0172
      0.0164
      0.0156
       0.016
       0.016
      0.0168
       0.018
       0.018
      0.0176
      0.0188
       0.018
       0.018
       0.018
      0.0184
      0.0176
      0.0184
       0.018
      0.0172
       0.018
      0.0176
      0.0184
      0.0176
      0.0172
       0.018
      0.0176
       0.018
      0.0176
      0.0176
       0.018
      0.0176
      0.0176
      0.0172
      0.0176
      0.0176
      0.0172
      0.0172
      0.0164
      0.0168
      0.0164
      0.0164
      0.0168
      0.0172
       0.018
      0.0184
      0.0184
      0.0184
      0.0176
      0.0164
      0.0164
      0.0168
       0.016
       0.018
       0.018
       0.018
       0.016
       0.016
      0.0164
      0.0176
      0.0176
      0.0164
      0.0156
      0.0156
      0.0164
      0.0188
       0.016
      0.0156
       0.016
       0.018
      0.0156
      0.0156
      0.0168
      0.0176
      0.0156
       0.016
      0.0164
      0.0176
       0.016
      0.0156
      0.0168
      0.0156
       0.016
       0.016
      0.0152
       0.016
      0.0164
      0.0156
      0.0164
       0.016
      0.0168
      0.0168
      0.0352
      0.0344
      0.0352
      0.0344
      0.0348
       0.034
      0.0344
      0.0348
      0.0164
      0.0172
      0.0168
      0.0168
      0.0176
      0.0172
      0.0168
       0.018
      0.0172
      0.0168
      0.0188
      0.0168
      0.0168
       0.018
      0.0168
      0.0168
      0.0172
      0.0184
      0.0168
       0.016
      0.0172
       0.018
      0.0168
      0.0172
      0.0184
       0.018
      0.0164
      0.0164
       0.018
      0.0184
       0.018
      0.0172
      0.0164
      0.0188
      0.0188
      0.0184
      0.0168
      0.0168
      0.0168
      0.0172
      0.0188
      0.0184
      0.0192
      0.0184
      0.0164
      0.0164
       0.018
       0.018
      0.0188
      0.0192
      0.0196
      0.0192
      0.0192
      0.0184
      0.0188
      0.0188
      0.0188
      0.0184
      0.0184
      0.0184
       0.018
      0.0192
      0.0184
      0.0188
      0.0188
      0.0192
      0.0188
      0.0192
      0.0184
      0.0188
      0.0192
      0.0184
      0.0188
      0.0196
      0.0184
      0.0192
      0.0184
      0.0188
      0.0188
      0.0188
       0.018
       0.018
       0.018
      0.0188
      0.0184
      0.0184
      0.0188
      0.0192
      0.0184
      0.0176
      0.0172
      0.0168
      0.0168
      0.0168
       0.018
      0.0184
      0.0188
      0.0188
      0.0184
      0.0168
      0.0168
      0.0168
      0.0176
      0.0188
      0.0188
      0.0176
      0.0168
      0.0168
      0.0172
      0.0188
      0.0184
      0.0164
      0.0172
      0.0172
      0.0188
      0.0168
      0.0168
      0.0168
      0.0188
      0.0164
      0.0172
      0.0168
      0.0184
      0.0168
      0.0164
      0.0172
      0.0164
      0.0168
      0.0172
      0.0168
      0.0168
      0.0172
      0.0168
      0.0164
      0.0168
      0.0168
      0.0164
      0.0168
       0.012
      0.0128
      0.0128
      0.0124
      0.0124
      0.0128
      0.0116
      0.0128
      0.0124
      0.0124
      0.0124
      0.0148
      0.0124
      0.0128
      0.0116
       0.012
      0.0128
      0.0124
      0.0124
      0.0124
       0.012
      0.0124
       0.012
      0.0128
      0.0124
      0.0124
      0.0124
      0.0124
       0.012
      0.0124
      0.0128
      0.0124
       0.012
      0.0124
      0.0124
      0.0124
      0.0128
      0.0128
      0.0128
      0.0132
      0.0124
       0.012
      0.0128
      0.0128
      0.0124
      0.0124
       0.012
      0.0128
       0.012
       0.012
      0.0116
      0.0352
      0.0344
        0.03
        0.03
      0.0296
      0.0296
      0.0292
      0.0292
      0.0296
        0.03
        0.03
      0.0292
      0.0296
      0.0296
      0.0296
      0.0296
      0.0296
      0.0292
        0.03
      0.0292
        0.03
      0.0296
      0.0292
        0.03
      0.0296
        0.03
      0.0296
      0.0296
      0.0296
      0.0304
      0.0292
      0.0304
      0.0292
      0.0292
      0.0296
      0.0296
      0.0292
      0.0304
        0.03
      0.0292
        0.03
      0.0296
        0.03
      0.0296
      0.0292
      0.0288
        0.03
      0.0296
      0.0296
      0.0296
      0.0296
      0.0296
        0.03
        0.03
      0.0296
      0.0296
      0.0292
      0.0296
      0.0296
        0.03
      0.0296
      0.0292
        0.03
      0.0284
      0.0292
      0.0292
      0.0296
      0.0296
      0.0292
      0.0296
        0.03
      0.0296
      0.0296
        0.03
        0.03
      0.0292
      0.0296
      0.0296
        0.03
      0.0304
        0.03
        0.03
      0.0292
        0.03
        0.03
      0.0328
        0.03
      0.0296
      0.0292
      0.0304
      0.0292
        0.03
      0.0296
      0.0292
      0.0296
        0.03
